    -30.000  0.0000E+00  
    -29.985  0.0000E+00  
    -29.970  0.0000E+00  
    -29.955  0.0000E+00  
    -29.940  0.0000E+00  
    -29.925  0.0000E+00  
    -29.910  0.0000E+00  
    -29.895  0.0000E+00  
    -29.880  0.0000E+00  
    -29.865  0.0000E+00  
    -29.850  0.0000E+00  
    -29.835  0.0000E+00  
    -29.820  0.0000E+00  
    -29.805  0.0000E+00  
    -29.790  0.0000E+00  
    -29.775  0.0000E+00  
    -29.760  0.0000E+00  
    -29.745  0.0000E+00  
    -29.730  0.0000E+00  
    -29.715  0.0000E+00  
    -29.700  0.0000E+00  
    -29.685  0.0000E+00  
    -29.670  0.0000E+00  
    -29.655  0.0000E+00  
    -29.640  0.0000E+00  
    -29.625  0.0000E+00  
    -29.610  0.0000E+00  
    -29.595  0.0000E+00  
    -29.580  0.0000E+00  
    -29.565  0.0000E+00  
    -29.550  0.0000E+00  
    -29.535  0.0000E+00  
    -29.520  0.0000E+00  
    -29.505  0.0000E+00  
    -29.490  0.0000E+00  
    -29.475  0.0000E+00  
    -29.460  0.0000E+00  
    -29.445  0.0000E+00  
    -29.430  0.0000E+00  
    -29.415  0.0000E+00  
    -29.400  0.0000E+00  
    -29.385  0.0000E+00  
    -29.370  0.0000E+00  
    -29.355  0.0000E+00  
    -29.340  0.0000E+00  
    -29.325  0.0000E+00  
    -29.310  0.0000E+00  
    -29.295  0.0000E+00  
    -29.280  0.0000E+00  
    -29.265  0.0000E+00  
    -29.250  0.0000E+00  
    -29.235  0.0000E+00  
    -29.220  0.0000E+00  
    -29.205  0.0000E+00  
    -29.190  0.0000E+00  
    -29.175  0.0000E+00  
    -29.160  0.0000E+00  
    -29.145  0.0000E+00  
    -29.130  0.0000E+00  
    -29.115  0.0000E+00  
    -29.100  0.0000E+00  
    -29.085  0.0000E+00  
    -29.070  0.0000E+00  
    -29.055  0.0000E+00  
    -29.040  0.0000E+00  
    -29.025  0.0000E+00  
    -29.010  0.0000E+00  
    -28.995  0.0000E+00  
    -28.980  0.0000E+00  
    -28.965  0.0000E+00  
    -28.950  0.0000E+00  
    -28.935  0.0000E+00  
    -28.920  0.0000E+00  
    -28.905  0.0000E+00  
    -28.890  0.0000E+00  
    -28.875  0.0000E+00  
    -28.860  0.0000E+00  
    -28.845  0.0000E+00  
    -28.830  0.0000E+00  
    -28.815  0.0000E+00  
    -28.800  0.0000E+00  
    -28.785  0.0000E+00  
    -28.770  0.0000E+00  
    -28.755  0.0000E+00  
    -28.740  0.0000E+00  
    -28.725  0.0000E+00  
    -28.710  0.0000E+00  
    -28.695  0.0000E+00  
    -28.680  0.0000E+00  
    -28.665  0.0000E+00  
    -28.650  0.0000E+00  
    -28.635  0.0000E+00  
    -28.620  0.0000E+00  
    -28.605  0.0000E+00  
    -28.590  0.0000E+00  
    -28.575  0.0000E+00  
    -28.560  0.0000E+00  
    -28.545  0.0000E+00  
    -28.530  0.0000E+00  
    -28.515  0.0000E+00  
    -28.500  0.0000E+00  
    -28.485  0.0000E+00  
    -28.470  0.0000E+00  
    -28.455  0.0000E+00  
    -28.440  0.0000E+00  
    -28.425  0.0000E+00  
    -28.410  0.0000E+00  
    -28.395  0.0000E+00  
    -28.380  0.0000E+00  
    -28.365  0.0000E+00  
    -28.350  0.0000E+00  
    -28.335  0.0000E+00  
    -28.320  0.0000E+00  
    -28.305  0.0000E+00  
    -28.290  0.0000E+00  
    -28.275  0.0000E+00  
    -28.260  0.0000E+00  
    -28.245  0.0000E+00  
    -28.230  0.0000E+00  
    -28.215  0.0000E+00  
    -28.200  0.0000E+00  
    -28.185  0.0000E+00  
    -28.170  0.0000E+00  
    -28.155  0.0000E+00  
    -28.140  0.0000E+00  
    -28.125  0.0000E+00  
    -28.110  0.0000E+00  
    -28.095  0.0000E+00  
    -28.080  0.0000E+00  
    -28.065  0.0000E+00  
    -28.050  0.0000E+00  
    -28.035  0.0000E+00  
    -28.020  0.0000E+00  
    -28.005  0.0000E+00  
    -27.990  0.0000E+00  
    -27.975  0.0000E+00  
    -27.960  0.0000E+00  
    -27.945  0.0000E+00  
    -27.930  0.0000E+00  
    -27.915  0.0000E+00  
    -27.900  0.0000E+00  
    -27.885  0.0000E+00  
    -27.870  0.0000E+00  
    -27.855  0.0000E+00  
    -27.840  0.0000E+00  
    -27.825  0.0000E+00  
    -27.810  0.0000E+00  
    -27.795  0.0000E+00  
    -27.780  0.0000E+00  
    -27.765  0.0000E+00  
    -27.750  0.0000E+00  
    -27.735  0.0000E+00  
    -27.720  0.0000E+00  
    -27.705  0.0000E+00  
    -27.690  0.0000E+00  
    -27.675  0.0000E+00  
    -27.660  0.0000E+00  
    -27.645  0.0000E+00  
    -27.630  0.0000E+00  
    -27.615  0.0000E+00  
    -27.600  0.0000E+00  
    -27.585  0.0000E+00  
    -27.570  0.0000E+00  
    -27.555  0.0000E+00  
    -27.540  0.0000E+00  
    -27.525  0.0000E+00  
    -27.510  0.0000E+00  
    -27.494  0.0000E+00  
    -27.479  0.0000E+00  
    -27.464  0.0000E+00  
    -27.449  0.0000E+00  
    -27.434  0.0000E+00  
    -27.419  0.0000E+00  
    -27.404  0.0000E+00  
    -27.389  0.0000E+00  
    -27.374  0.0000E+00  
    -27.359  0.0000E+00  
    -27.344  0.0000E+00  
    -27.329  0.0000E+00  
    -27.314  0.0000E+00  
    -27.299  0.0000E+00  
    -27.284  0.0000E+00  
    -27.269  0.0000E+00  
    -27.254  0.0000E+00  
    -27.239  0.0000E+00  
    -27.224  0.0000E+00  
    -27.209  0.0000E+00  
    -27.194  0.0000E+00  
    -27.179  0.0000E+00  
    -27.164  0.0000E+00  
    -27.149  0.0000E+00  
    -27.134  0.0000E+00  
    -27.119  0.0000E+00  
    -27.104  0.0000E+00  
    -27.089  0.0000E+00  
    -27.074  0.0000E+00  
    -27.059  0.0000E+00  
    -27.044  0.0000E+00  
    -27.029  0.0000E+00  
    -27.014  0.0000E+00  
    -26.999  0.0000E+00  
    -26.984  0.0000E+00  
    -26.969  0.0000E+00  
    -26.954  0.0000E+00  
    -26.939  0.0000E+00  
    -26.924  0.0000E+00  
    -26.909  0.0000E+00  
    -26.894  0.0000E+00  
    -26.879  0.0000E+00  
    -26.864  0.0000E+00  
    -26.849  0.0000E+00  
    -26.834  0.0000E+00  
    -26.819  0.0000E+00  
    -26.804  0.0000E+00  
    -26.789  0.0000E+00  
    -26.774  0.0000E+00  
    -26.759  0.0000E+00  
    -26.744  0.0000E+00  
    -26.729  0.0000E+00  
    -26.714  0.0000E+00  
    -26.699  0.0000E+00  
    -26.684  0.0000E+00  
    -26.669  0.0000E+00  
    -26.654  0.0000E+00  
    -26.639  0.0000E+00  
    -26.624  0.0000E+00  
    -26.609  0.0000E+00  
    -26.594  0.0000E+00  
    -26.579  0.0000E+00  
    -26.564  0.0000E+00  
    -26.549  0.0000E+00  
    -26.534  0.0000E+00  
    -26.519  0.0000E+00  
    -26.504  0.0000E+00  
    -26.489  0.0000E+00  
    -26.474  0.0000E+00  
    -26.459  0.0000E+00  
    -26.444  0.0000E+00  
    -26.429  0.0000E+00  
    -26.414  0.0000E+00  
    -26.399  0.0000E+00  
    -26.384  0.0000E+00  
    -26.369  0.0000E+00  
    -26.354  0.0000E+00  
    -26.339  0.0000E+00  
    -26.324  0.0000E+00  
    -26.309  0.0000E+00  
    -26.294  0.0000E+00  
    -26.279  0.0000E+00  
    -26.264  0.0000E+00  
    -26.249  0.0000E+00  
    -26.234  0.0000E+00  
    -26.219  0.0000E+00  
    -26.204  0.0000E+00  
    -26.189  0.0000E+00  
    -26.174  0.0000E+00  
    -26.159  0.0000E+00  
    -26.144  0.0000E+00  
    -26.129  0.0000E+00  
    -26.114  0.0000E+00  
    -26.099  0.0000E+00  
    -26.084  0.0000E+00  
    -26.069  0.0000E+00  
    -26.054  0.0000E+00  
    -26.039  0.0000E+00  
    -26.024  0.0000E+00  
    -26.009  0.0000E+00  
    -25.994  0.0000E+00  
    -25.979  0.0000E+00  
    -25.964  0.0000E+00  
    -25.949  0.0000E+00  
    -25.934  0.0000E+00  
    -25.919  0.0000E+00  
    -25.904  0.0000E+00  
    -25.889  0.0000E+00  
    -25.874  0.0000E+00  
    -25.859  0.0000E+00  
    -25.844  0.0000E+00  
    -25.829  0.0000E+00  
    -25.814  0.0000E+00  
    -25.799  0.0000E+00  
    -25.784  0.0000E+00  
    -25.769  0.0000E+00  
    -25.754  0.0000E+00  
    -25.739  0.0000E+00  
    -25.724  0.0000E+00  
    -25.709  0.0000E+00  
    -25.694  0.0000E+00  
    -25.679  0.0000E+00  
    -25.664  0.0000E+00  
    -25.649  0.0000E+00  
    -25.634  0.0000E+00  
    -25.619  0.0000E+00  
    -25.604  0.0000E+00  
    -25.589  0.0000E+00  
    -25.574  0.0000E+00  
    -25.559  0.0000E+00  
    -25.544  0.0000E+00  
    -25.529  0.0000E+00  
    -25.514  0.0000E+00  
    -25.499  0.0000E+00  
    -25.484  0.0000E+00  
    -25.469  0.0000E+00  
    -25.454  0.0000E+00  
    -25.439  0.0000E+00  
    -25.424  0.0000E+00  
    -25.409  0.0000E+00  
    -25.394  0.0000E+00  
    -25.379  0.0000E+00  
    -25.364  0.0000E+00  
    -25.349  0.0000E+00  
    -25.334  0.0000E+00  
    -25.319  0.0000E+00  
    -25.304  0.0000E+00  
    -25.289  0.0000E+00  
    -25.274  0.0000E+00  
    -25.259  0.0000E+00  
    -25.244  0.0000E+00  
    -25.229  0.0000E+00  
    -25.214  0.0000E+00  
    -25.199  0.0000E+00  
    -25.184  0.0000E+00  
    -25.169  0.0000E+00  
    -25.154  0.0000E+00  
    -25.139  0.0000E+00  
    -25.124  0.0000E+00  
    -25.109  0.0000E+00  
    -25.094  0.0000E+00  
    -25.079  0.0000E+00  
    -25.064  0.0000E+00  
    -25.049  0.0000E+00  
    -25.034  0.0000E+00  
    -25.019  0.0000E+00  
    -25.004  0.0000E+00  
    -24.989  0.0000E+00  
    -24.974  0.0000E+00  
    -24.959  0.0000E+00  
    -24.944  0.0000E+00  
    -24.929  0.0000E+00  
    -24.914  0.0000E+00  
    -24.899  0.0000E+00  
    -24.884  0.0000E+00  
    -24.869  0.0000E+00  
    -24.854  0.0000E+00  
    -24.839  0.0000E+00  
    -24.824  0.0000E+00  
    -24.809  0.0000E+00  
    -24.794  0.0000E+00  
    -24.779  0.0000E+00  
    -24.764  0.0000E+00  
    -24.749  0.0000E+00  
    -24.734  0.0000E+00  
    -24.719  0.0000E+00  
    -24.704  0.0000E+00  
    -24.689  0.0000E+00  
    -24.674  0.0000E+00  
    -24.659  0.0000E+00  
    -24.644  0.0000E+00  
    -24.629  0.0000E+00  
    -24.614  0.0000E+00  
    -24.599  0.0000E+00  
    -24.584  0.0000E+00  
    -24.569  0.0000E+00  
    -24.554  0.0000E+00  
    -24.539  0.0000E+00  
    -24.524  0.0000E+00  
    -24.509  0.0000E+00  
    -24.494  0.0000E+00  
    -24.479  0.0000E+00  
    -24.464  0.0000E+00  
    -24.449  0.0000E+00  
    -24.434  0.0000E+00  
    -24.419  0.0000E+00  
    -24.404  0.0000E+00  
    -24.389  0.0000E+00  
    -24.374  0.0000E+00  
    -24.359  0.0000E+00  
    -24.344  0.0000E+00  
    -24.329  0.0000E+00  
    -24.314  0.0000E+00  
    -24.299  0.0000E+00  
    -24.284  0.0000E+00  
    -24.269  0.0000E+00  
    -24.254  0.0000E+00  
    -24.239  0.0000E+00  
    -24.224  0.0000E+00  
    -24.209  0.0000E+00  
    -24.194  0.0000E+00  
    -24.179  0.0000E+00  
    -24.164  0.0000E+00  
    -24.149  0.0000E+00  
    -24.134  0.0000E+00  
    -24.119  0.0000E+00  
    -24.104  0.0000E+00  
    -24.089  0.0000E+00  
    -24.074  0.0000E+00  
    -24.059  0.0000E+00  
    -24.044  0.0000E+00  
    -24.029  0.0000E+00  
    -24.014  0.0000E+00  
    -23.999  0.0000E+00  
    -23.984  0.0000E+00  
    -23.969  0.0000E+00  
    -23.954  0.0000E+00  
    -23.939  0.0000E+00  
    -23.924  0.0000E+00  
    -23.909  0.0000E+00  
    -23.894  0.0000E+00  
    -23.879  0.0000E+00  
    -23.864  0.0000E+00  
    -23.849  0.0000E+00  
    -23.834  0.0000E+00  
    -23.819  0.0000E+00  
    -23.804  0.0000E+00  
    -23.789  0.0000E+00  
    -23.774  0.0000E+00  
    -23.759  0.0000E+00  
    -23.744  0.0000E+00  
    -23.729  0.0000E+00  
    -23.714  0.0000E+00  
    -23.699  0.0000E+00  
    -23.684  0.0000E+00  
    -23.669  0.0000E+00  
    -23.654  0.0000E+00  
    -23.639  0.0000E+00  
    -23.624  0.0000E+00  
    -23.609  0.0000E+00  
    -23.594  0.0000E+00  
    -23.579  0.0000E+00  
    -23.564  0.0000E+00  
    -23.549  0.0000E+00  
    -23.534  0.0000E+00  
    -23.519  0.0000E+00  
    -23.504  0.0000E+00  
    -23.489  0.0000E+00  
    -23.474  0.0000E+00  
    -23.459  0.0000E+00  
    -23.444  0.0000E+00  
    -23.429  0.0000E+00  
    -23.414  0.0000E+00  
    -23.399  0.0000E+00  
    -23.384  0.0000E+00  
    -23.369  0.0000E+00  
    -23.354  0.0000E+00  
    -23.339  0.0000E+00  
    -23.324  0.0000E+00  
    -23.309  0.0000E+00  
    -23.294  0.0000E+00  
    -23.279  0.0000E+00  
    -23.264  0.0000E+00  
    -23.249  0.0000E+00  
    -23.234  0.0000E+00  
    -23.219  0.0000E+00  
    -23.204  0.0000E+00  
    -23.189  0.0000E+00  
    -23.174  0.0000E+00  
    -23.159  0.0000E+00  
    -23.144  0.0000E+00  
    -23.129  0.0000E+00  
    -23.114  0.0000E+00  
    -23.099  0.0000E+00  
    -23.084  0.0000E+00  
    -23.069  0.0000E+00  
    -23.054  0.0000E+00  
    -23.039  0.0000E+00  
    -23.024  0.0000E+00  
    -23.009  0.0000E+00  
    -22.994  0.0000E+00  
    -22.979  0.0000E+00  
    -22.964  0.0000E+00  
    -22.949  0.0000E+00  
    -22.934  0.0000E+00  
    -22.919  0.0000E+00  
    -22.904  0.0000E+00  
    -22.889  0.0000E+00  
    -22.874  0.0000E+00  
    -22.859  0.0000E+00  
    -22.844  0.0000E+00  
    -22.829  0.0000E+00  
    -22.814  0.0000E+00  
    -22.799  0.0000E+00  
    -22.784  0.0000E+00  
    -22.769  0.0000E+00  
    -22.754  0.0000E+00  
    -22.739  0.0000E+00  
    -22.724  0.0000E+00  
    -22.709  0.0000E+00  
    -22.694  0.0000E+00  
    -22.679  0.0000E+00  
    -22.664  0.0000E+00  
    -22.649  0.0000E+00  
    -22.634  0.0000E+00  
    -22.619  0.0000E+00  
    -22.604  0.0000E+00  
    -22.589  0.0000E+00  
    -22.574  0.0000E+00  
    -22.559  0.0000E+00  
    -22.544  0.0000E+00  
    -22.529  0.0000E+00  
    -22.514  0.0000E+00  
    -22.498  0.0000E+00  
    -22.483  0.0000E+00  
    -22.468  0.0000E+00  
    -22.453  0.0000E+00  
    -22.438  0.0000E+00  
    -22.423  0.0000E+00  
    -22.408  0.0000E+00  
    -22.393  0.0000E+00  
    -22.378  0.0000E+00  
    -22.363  0.0000E+00  
    -22.348  0.0000E+00  
    -22.333  0.0000E+00  
    -22.318  0.0000E+00  
    -22.303  0.0000E+00  
    -22.288  0.0000E+00  
    -22.273  0.0000E+00  
    -22.258  0.0000E+00  
    -22.243  0.0000E+00  
    -22.228  0.0000E+00  
    -22.213  0.0000E+00  
    -22.198  0.0000E+00  
    -22.183  0.0000E+00  
    -22.168  0.0000E+00  
    -22.153  0.0000E+00  
    -22.138  0.0000E+00  
    -22.123  0.0000E+00  
    -22.108  0.0000E+00  
    -22.093  0.0000E+00  
    -22.078  0.0000E+00  
    -22.063  0.0000E+00  
    -22.048  0.0000E+00  
    -22.033  0.0000E+00  
    -22.018  0.0000E+00  
    -22.003  0.0000E+00  
    -21.988  0.0000E+00  
    -21.973  0.0000E+00  
    -21.958  0.0000E+00  
    -21.943  0.0000E+00  
    -21.928  0.0000E+00  
    -21.913  0.0000E+00  
    -21.898  0.0000E+00  
    -21.883  0.0000E+00  
    -21.868  0.0000E+00  
    -21.853  0.0000E+00  
    -21.838  0.0000E+00  
    -21.823  0.0000E+00  
    -21.808  0.0000E+00  
    -21.793  0.0000E+00  
    -21.778  0.0000E+00  
    -21.763  0.0000E+00  
    -21.748  0.0000E+00  
    -21.733  0.0000E+00  
    -21.718  0.0000E+00  
    -21.703  0.0000E+00  
    -21.688  0.0000E+00  
    -21.673  0.0000E+00  
    -21.658  0.0000E+00  
    -21.643  0.0000E+00  
    -21.628  0.0000E+00  
    -21.613  0.0000E+00  
    -21.598  0.0000E+00  
    -21.583  0.0000E+00  
    -21.568  0.0000E+00  
    -21.553  0.0000E+00  
    -21.538  0.0000E+00  
    -21.523  0.0000E+00  
    -21.508  0.0000E+00  
    -21.493  0.0000E+00  
    -21.478  0.0000E+00  
    -21.463  0.0000E+00  
    -21.448  0.0000E+00  
    -21.433  0.0000E+00  
    -21.418  0.0000E+00  
    -21.403  0.0000E+00  
    -21.388  0.0000E+00  
    -21.373  0.0000E+00  
    -21.358  0.0000E+00  
    -21.343  0.0000E+00  
    -21.328  0.0000E+00  
    -21.313  0.0000E+00  
    -21.298  0.0000E+00  
    -21.283  0.0000E+00  
    -21.268  0.0000E+00  
    -21.253  0.0000E+00  
    -21.238  0.0000E+00  
    -21.223  0.0000E+00  
    -21.208  0.0000E+00  
    -21.193  0.0000E+00  
    -21.178  0.0000E+00  
    -21.163  0.0000E+00  
    -21.148  0.0000E+00  
    -21.133  0.0000E+00  
    -21.118  0.0000E+00  
    -21.103  0.0000E+00  
    -21.088  0.0000E+00  
    -21.073  0.0000E+00  
    -21.058  0.0000E+00  
    -21.043  0.0000E+00  
    -21.028  0.0000E+00  
    -21.013  0.0000E+00  
    -20.998  0.0000E+00  
    -20.983  0.0000E+00  
    -20.968  0.0000E+00  
    -20.953  0.0000E+00  
    -20.938  0.0000E+00  
    -20.923  0.0000E+00  
    -20.908  0.0000E+00  
    -20.893  0.0000E+00  
    -20.878  0.0000E+00  
    -20.863  0.0000E+00  
    -20.848  0.0000E+00  
    -20.833  0.0000E+00  
    -20.818  0.0000E+00  
    -20.803  0.0000E+00  
    -20.788  0.0000E+00  
    -20.773  0.0000E+00  
    -20.758  0.0000E+00  
    -20.743  0.0000E+00  
    -20.728  0.0000E+00  
    -20.713  0.0000E+00  
    -20.698  0.0000E+00  
    -20.683  0.0000E+00  
    -20.668  0.0000E+00  
    -20.653  0.0000E+00  
    -20.638  0.0000E+00  
    -20.623  0.0000E+00  
    -20.608  0.0000E+00  
    -20.593  0.0000E+00  
    -20.578  0.0000E+00  
    -20.563  0.0000E+00  
    -20.548  0.0000E+00  
    -20.533  0.0000E+00  
    -20.518  0.0000E+00  
    -20.503  0.0000E+00  
    -20.488  0.0000E+00  
    -20.473  0.0000E+00  
    -20.458  0.0000E+00  
    -20.443  0.0000E+00  
    -20.428  0.0000E+00  
    -20.413  0.0000E+00  
    -20.398  0.0000E+00  
    -20.383  0.0000E+00  
    -20.368  0.0000E+00  
    -20.353  0.0000E+00  
    -20.338  0.0000E+00  
    -20.323  0.0000E+00  
    -20.308  0.0000E+00  
    -20.293  0.0000E+00  
    -20.278  0.0000E+00  
    -20.263  0.0000E+00  
    -20.248  0.0000E+00  
    -20.233  0.0000E+00  
    -20.218  0.0000E+00  
    -20.203  0.0000E+00  
    -20.188  0.0000E+00  
    -20.173  0.0000E+00  
    -20.158  0.0000E+00  
    -20.143  0.0000E+00  
    -20.128  0.0000E+00  
    -20.113  0.0000E+00  
    -20.098  0.0000E+00  
    -20.083  0.0000E+00  
    -20.068  0.0000E+00  
    -20.053  0.0000E+00  
    -20.038  0.0000E+00  
    -20.023  0.0000E+00  
    -20.008  0.0000E+00  
    -19.993  0.0000E+00  
    -19.978  0.0000E+00  
    -19.963  0.0000E+00  
    -19.948  0.0000E+00  
    -19.933  0.0000E+00  
    -19.918  0.0000E+00  
    -19.903  0.0000E+00  
    -19.888  0.0000E+00  
    -19.873  0.0000E+00  
    -19.858  0.0000E+00  
    -19.843  0.0000E+00  
    -19.828  0.0000E+00  
    -19.813  0.0000E+00  
    -19.798  0.0000E+00  
    -19.783  0.0000E+00  
    -19.768  0.0000E+00  
    -19.753  0.0000E+00  
    -19.738  0.0000E+00  
    -19.723  0.0000E+00  
    -19.708  0.0000E+00  
    -19.693  0.0000E+00  
    -19.678  0.0000E+00  
    -19.663  0.0000E+00  
    -19.648  0.0000E+00  
    -19.633  0.0000E+00  
    -19.618  0.0000E+00  
    -19.603  0.0000E+00  
    -19.588  0.0000E+00  
    -19.573  0.0000E+00  
    -19.558  0.0000E+00  
    -19.543  0.0000E+00  
    -19.528  0.0000E+00  
    -19.513  0.0000E+00  
    -19.498  0.0000E+00  
    -19.483  0.0000E+00  
    -19.468  0.0000E+00  
    -19.453  0.0000E+00  
    -19.438  0.0000E+00  
    -19.423  0.0000E+00  
    -19.408  0.0000E+00  
    -19.393  0.0000E+00  
    -19.378  0.0000E+00  
    -19.363  0.0000E+00  
    -19.348  0.0000E+00  
    -19.333  0.0000E+00  
    -19.318  0.0000E+00  
    -19.303  0.0000E+00  
    -19.288  0.0000E+00  
    -19.273  0.0000E+00  
    -19.258  0.0000E+00  
    -19.243  0.0000E+00  
    -19.228  0.0000E+00  
    -19.213  0.0000E+00  
    -19.198  0.0000E+00  
    -19.183  0.0000E+00  
    -19.168  0.0000E+00  
    -19.153  0.0000E+00  
    -19.138  0.0000E+00  
    -19.123  0.0000E+00  
    -19.108  0.0000E+00  
    -19.093  0.0000E+00  
    -19.078  0.0000E+00  
    -19.063  0.0000E+00  
    -19.048  0.0000E+00  
    -19.033  0.0000E+00  
    -19.018  0.0000E+00  
    -19.003  0.0000E+00  
    -18.988  0.0000E+00  
    -18.973  0.0000E+00  
    -18.958  0.0000E+00  
    -18.943  0.0000E+00  
    -18.928  0.0000E+00  
    -18.913  0.0000E+00  
    -18.898  0.0000E+00  
    -18.883  0.0000E+00  
    -18.868  0.0000E+00  
    -18.853  0.0000E+00  
    -18.838  0.0000E+00  
    -18.823  0.0000E+00  
    -18.808  0.0000E+00  
    -18.793  0.0000E+00  
    -18.778  0.0000E+00  
    -18.763  0.0000E+00  
    -18.748  0.0000E+00  
    -18.733  0.0000E+00  
    -18.718  0.0000E+00  
    -18.703  0.0000E+00  
    -18.688  0.0000E+00  
    -18.673  0.0000E+00  
    -18.658  0.0000E+00  
    -18.643  0.0000E+00  
    -18.628  0.0000E+00  
    -18.613  0.0000E+00  
    -18.598  0.0000E+00  
    -18.583  0.0000E+00  
    -18.568  0.0000E+00  
    -18.553  0.0000E+00  
    -18.538  0.0000E+00  
    -18.523  0.0000E+00  
    -18.508  0.0000E+00  
    -18.493  0.0000E+00  
    -18.478  0.0000E+00  
    -18.463  0.0000E+00  
    -18.448  0.0000E+00  
    -18.433  0.0000E+00  
    -18.418  0.0000E+00  
    -18.403  0.0000E+00  
    -18.388  0.0000E+00  
    -18.373  0.0000E+00  
    -18.358  0.0000E+00  
    -18.343  0.0000E+00  
    -18.328  0.0000E+00  
    -18.313  0.0000E+00  
    -18.298  0.0000E+00  
    -18.283  0.0000E+00  
    -18.268  0.0000E+00  
    -18.253  0.0000E+00  
    -18.238  0.0000E+00  
    -18.223  0.0000E+00  
    -18.208  0.0000E+00  
    -18.193  0.0000E+00  
    -18.178  0.0000E+00  
    -18.163  0.0000E+00  
    -18.148  0.0000E+00  
    -18.133  0.0000E+00  
    -18.118  0.0000E+00  
    -18.103  0.0000E+00  
    -18.088  0.0000E+00  
    -18.073  0.0000E+00  
    -18.058  0.0000E+00  
    -18.043  0.0000E+00  
    -18.028  0.0000E+00  
    -18.013  0.0000E+00  
    -17.998  0.0000E+00  
    -17.983  0.0000E+00  
    -17.968  0.0000E+00  
    -17.953  0.0000E+00  
    -17.938  0.0000E+00  
    -17.923  0.0000E+00  
    -17.908  0.0000E+00  
    -17.893  0.0000E+00  
    -17.878  0.0000E+00  
    -17.863  0.0000E+00  
    -17.848  0.0000E+00  
    -17.833  0.0000E+00  
    -17.818  0.0000E+00  
    -17.803  0.0000E+00  
    -17.788  0.0000E+00  
    -17.773  0.0000E+00  
    -17.758  0.0000E+00  
    -17.743  0.0000E+00  
    -17.728  0.0000E+00  
    -17.713  0.0000E+00  
    -17.698  0.0000E+00  
    -17.683  0.0000E+00  
    -17.668  0.0000E+00  
    -17.653  0.0000E+00  
    -17.638  0.0000E+00  
    -17.623  0.0000E+00  
    -17.608  0.0000E+00  
    -17.593  0.0000E+00  
    -17.578  0.0000E+00  
    -17.563  0.0000E+00  
    -17.548  0.0000E+00  
    -17.533  0.0000E+00  
    -17.518  0.0000E+00  
    -17.503  0.0000E+00  
    -17.487  0.0000E+00  
    -17.472  0.0000E+00  
    -17.457  0.0000E+00  
    -17.442  0.0000E+00  
    -17.427  0.0000E+00  
    -17.412  0.0000E+00  
    -17.397  0.0000E+00  
    -17.382  0.0000E+00  
    -17.367  0.0000E+00  
    -17.352  0.0000E+00  
    -17.337  0.0000E+00  
    -17.322  0.0000E+00  
    -17.307  0.0000E+00  
    -17.292  0.0000E+00  
    -17.277  0.0000E+00  
    -17.262  0.0000E+00  
    -17.247  0.0000E+00  
    -17.232  0.0000E+00  
    -17.217  0.0000E+00  
    -17.202  0.0000E+00  
    -17.187  0.0000E+00  
    -17.172  0.0000E+00  
    -17.157  0.0000E+00  
    -17.142  0.0000E+00  
    -17.127  0.0000E+00  
    -17.112  0.0000E+00  
    -17.097  0.0000E+00  
    -17.082  0.0000E+00  
    -17.067  0.0000E+00  
    -17.052  0.0000E+00  
    -17.037  0.0000E+00  
    -17.022  0.0000E+00  
    -17.007  0.0000E+00  
    -16.992  0.0000E+00  
    -16.977  0.0000E+00  
    -16.962  0.0000E+00  
    -16.947  0.0000E+00  
    -16.932  0.0000E+00  
    -16.917  0.0000E+00  
    -16.902  0.0000E+00  
    -16.887  0.0000E+00  
    -16.872  0.0000E+00  
    -16.857  0.0000E+00  
    -16.842  0.0000E+00  
    -16.827  0.0000E+00  
    -16.812  0.0000E+00  
    -16.797  0.0000E+00  
    -16.782  0.0000E+00  
    -16.767  0.0000E+00  
    -16.752  0.0000E+00  
    -16.737  0.0000E+00  
    -16.722  0.0000E+00  
    -16.707  0.0000E+00  
    -16.692  0.0000E+00  
    -16.677  0.0000E+00  
    -16.662  0.0000E+00  
    -16.647  0.0000E+00  
    -16.632  0.0000E+00  
    -16.617  0.0000E+00  
    -16.602  0.0000E+00  
    -16.587  0.0000E+00  
    -16.572  0.0000E+00  
    -16.557  0.0000E+00  
    -16.542  0.0000E+00  
    -16.527  0.0000E+00  
    -16.512  0.0000E+00  
    -16.497  0.0000E+00  
    -16.482  0.0000E+00  
    -16.467  0.0000E+00  
    -16.452  0.0000E+00  
    -16.437  0.0000E+00  
    -16.422  0.0000E+00  
    -16.407  0.0000E+00  
    -16.392  0.0000E+00  
    -16.377  0.0000E+00  
    -16.362  0.0000E+00  
    -16.347  0.0000E+00  
    -16.332  0.0000E+00  
    -16.317  0.0000E+00  
    -16.302  0.0000E+00  
    -16.287  0.0000E+00  
    -16.272  0.0000E+00  
    -16.257  0.0000E+00  
    -16.242  0.0000E+00  
    -16.227  0.0000E+00  
    -16.212  0.0000E+00  
    -16.197  0.0000E+00  
    -16.182  0.0000E+00  
    -16.167  0.0000E+00  
    -16.152  0.0000E+00  
    -16.137  0.0000E+00  
    -16.122  0.0000E+00  
    -16.107  0.0000E+00  
    -16.092  0.0000E+00  
    -16.077  0.0000E+00  
    -16.062  0.0000E+00  
    -16.047  0.0000E+00  
    -16.032  0.0000E+00  
    -16.017  0.0000E+00  
    -16.002  0.0000E+00  
    -15.987  0.0000E+00  
    -15.972  0.0000E+00  
    -15.957  0.0000E+00  
    -15.942  0.0000E+00  
    -15.927  0.0000E+00  
    -15.912  0.0000E+00  
    -15.897  0.0000E+00  
    -15.882  0.0000E+00  
    -15.867  0.0000E+00  
    -15.852  0.0000E+00  
    -15.837  0.0000E+00  
    -15.822  0.0000E+00  
    -15.807  0.0000E+00  
    -15.792  0.0000E+00  
    -15.777  0.0000E+00  
    -15.762  0.0000E+00  
    -15.747  0.0000E+00  
    -15.732  0.0000E+00  
    -15.717  0.0000E+00  
    -15.702  0.0000E+00  
    -15.687  0.0000E+00  
    -15.672  0.0000E+00  
    -15.657  0.0000E+00  
    -15.642  0.0000E+00  
    -15.627  0.0000E+00  
    -15.612  0.0000E+00  
    -15.597  0.0000E+00  
    -15.582  0.0000E+00  
    -15.567  0.0000E+00  
    -15.552  0.0000E+00  
    -15.537  0.0000E+00  
    -15.522  0.0000E+00  
    -15.507  0.0000E+00  
    -15.492  0.0000E+00  
    -15.477  0.0000E+00  
    -15.462  0.0000E+00  
    -15.447  0.0000E+00  
    -15.432  0.0000E+00  
    -15.417  0.0000E+00  
    -15.402  0.0000E+00  
    -15.387  0.0000E+00  
    -15.372  0.0000E+00  
    -15.357  0.0000E+00  
    -15.342  0.0000E+00  
    -15.327  0.0000E+00  
    -15.312  0.0000E+00  
    -15.297  0.0000E+00  
    -15.282  0.0000E+00  
    -15.267  0.0000E+00  
    -15.252  0.0000E+00  
    -15.237  0.0000E+00  
    -15.222  0.0000E+00  
    -15.207  0.0000E+00  
    -15.192  0.0000E+00  
    -15.177  0.0000E+00  
    -15.162  0.0000E+00  
    -15.147  0.0000E+00  
    -15.132  0.0000E+00  
    -15.117  0.0000E+00  
    -15.102  0.0000E+00  
    -15.087  0.0000E+00  
    -15.072  0.0000E+00  
    -15.057  0.0000E+00  
    -15.042  0.0000E+00  
    -15.027  0.0000E+00  
    -15.012  0.0000E+00  
    -14.997  0.0000E+00  
    -14.982  0.0000E+00  
    -14.967  0.0000E+00  
    -14.952  0.0000E+00  
    -14.937  0.0000E+00  
    -14.922  0.0000E+00  
    -14.907  0.0000E+00  
    -14.892  0.0000E+00  
    -14.877  0.0000E+00  
    -14.862  0.0000E+00  
    -14.847  0.0000E+00  
    -14.832  0.0000E+00  
    -14.817  0.0000E+00  
    -14.802  0.0000E+00  
    -14.787  0.0000E+00  
    -14.772  0.0000E+00  
    -14.757  0.0000E+00  
    -14.742  0.0000E+00  
    -14.727  0.0000E+00  
    -14.712  0.0000E+00  
    -14.697  0.0000E+00  
    -14.682  0.0000E+00  
    -14.667  0.0000E+00  
    -14.652  0.0000E+00  
    -14.637  0.0000E+00  
    -14.622  0.0000E+00  
    -14.607  0.0000E+00  
    -14.592  0.0000E+00  
    -14.577  0.0000E+00  
    -14.562  0.0000E+00  
    -14.547  0.0000E+00  
    -14.532  0.0000E+00  
    -14.517  0.0000E+00  
    -14.502  0.0000E+00  
    -14.487  0.0000E+00  
    -14.472  0.0000E+00  
    -14.457  0.0000E+00  
    -14.442  0.0000E+00  
    -14.427  0.0000E+00  
    -14.412  0.0000E+00  
    -14.397  0.0000E+00  
    -14.382  0.0000E+00  
    -14.367  0.0000E+00  
    -14.352  0.0000E+00  
    -14.337  0.0000E+00  
    -14.322  0.0000E+00  
    -14.307  0.0000E+00  
    -14.292  0.0000E+00  
    -14.277  0.0000E+00  
    -14.262  0.0000E+00  
    -14.247  0.0000E+00  
    -14.232  0.0000E+00  
    -14.217  0.0000E+00  
    -14.202  0.0000E+00  
    -14.187  0.0000E+00  
    -14.172  0.0000E+00  
    -14.157  0.0000E+00  
    -14.142  0.0000E+00  
    -14.127  0.0000E+00  
    -14.112  0.0000E+00  
    -14.097  0.0000E+00  
    -14.082  0.0000E+00  
    -14.067  0.0000E+00  
    -14.052  0.0000E+00  
    -14.037  0.0000E+00  
    -14.022  0.0000E+00  
    -14.007  0.0000E+00  
    -13.992  0.0000E+00  
    -13.977  0.0000E+00  
    -13.962  0.0000E+00  
    -13.947  0.0000E+00  
    -13.932  0.0000E+00  
    -13.917  0.0000E+00  
    -13.902  0.0000E+00  
    -13.887  0.0000E+00  
    -13.872  0.0000E+00  
    -13.857  0.0000E+00  
    -13.842  0.0000E+00  
    -13.827  0.0000E+00  
    -13.812  0.0000E+00  
    -13.797  0.0000E+00  
    -13.782  0.0000E+00  
    -13.767  0.0000E+00  
    -13.752  0.0000E+00  
    -13.737  0.0000E+00  
    -13.722  0.0000E+00  
    -13.707  0.0000E+00  
    -13.692  0.0000E+00  
    -13.677  0.0000E+00  
    -13.662  0.0000E+00  
    -13.647  0.0000E+00  
    -13.632  0.0000E+00  
    -13.617  0.0000E+00  
    -13.602  0.0000E+00  
    -13.587  0.0000E+00  
    -13.572  0.0000E+00  
    -13.557  0.0000E+00  
    -13.542  0.0000E+00  
    -13.527  0.0000E+00  
    -13.512  0.0000E+00  
    -13.497  0.0000E+00  
    -13.482  0.0000E+00  
    -13.467  0.0000E+00  
    -13.452  0.0000E+00  
    -13.437  0.0000E+00  
    -13.422  0.0000E+00  
    -13.407  0.0000E+00  
    -13.392  0.0000E+00  
    -13.377  0.0000E+00  
    -13.362  0.0000E+00  
    -13.347  0.0000E+00  
    -13.332  0.0000E+00  
    -13.317  0.0000E+00  
    -13.302  0.0000E+00  
    -13.287  0.0000E+00  
    -13.272  0.0000E+00  
    -13.257  0.0000E+00  
    -13.242  0.0000E+00  
    -13.227  0.0000E+00  
    -13.212  0.0000E+00  
    -13.197  0.0000E+00  
    -13.182  0.0000E+00  
    -13.167  0.0000E+00  
    -13.152  0.0000E+00  
    -13.137  0.0000E+00  
    -13.122  0.0000E+00  
    -13.107  0.0000E+00  
    -13.092  0.0000E+00  
    -13.077  0.0000E+00  
    -13.062  0.0000E+00  
    -13.047  0.0000E+00  
    -13.032  0.0000E+00  
    -13.017  0.0000E+00  
    -13.002  0.0000E+00  
    -12.987  0.0000E+00  
    -12.972  0.0000E+00  
    -12.957  0.0000E+00  
    -12.942  0.0000E+00  
    -12.927  0.0000E+00  
    -12.912  0.0000E+00  
    -12.897  0.0000E+00  
    -12.882  0.0000E+00  
    -12.867  0.0000E+00  
    -12.852  0.0000E+00  
    -12.837  0.0000E+00  
    -12.822  0.0000E+00  
    -12.807  0.0000E+00  
    -12.792  0.0000E+00  
    -12.777  0.0000E+00  
    -12.762  0.0000E+00  
    -12.747  0.0000E+00  
    -12.732  0.0000E+00  
    -12.717  0.0000E+00  
    -12.702  0.0000E+00  
    -12.687  0.0000E+00  
    -12.672  0.0000E+00  
    -12.657  0.0000E+00  
    -12.642  0.0000E+00  
    -12.627  0.0000E+00  
    -12.612  0.0000E+00  
    -12.597  0.0000E+00  
    -12.582  0.0000E+00  
    -12.567  0.0000E+00  
    -12.552  0.0000E+00  
    -12.537  0.0000E+00  
    -12.522  0.0000E+00  
    -12.507  0.0000E+00  
    -12.491  0.0000E+00  
    -12.476  0.0000E+00  
    -12.461  0.0000E+00  
    -12.446  0.0000E+00  
    -12.431  0.0000E+00  
    -12.416  0.0000E+00  
    -12.401  0.0000E+00  
    -12.386  0.0000E+00  
    -12.371  0.0000E+00  
    -12.356  0.0000E+00  
    -12.341  0.0000E+00  
    -12.326  0.0000E+00  
    -12.311  0.0000E+00  
    -12.296  0.0000E+00  
    -12.281  0.0000E+00  
    -12.266  0.0000E+00  
    -12.251  0.0000E+00  
    -12.236  0.0000E+00  
    -12.221  0.0000E+00  
    -12.206  0.0000E+00  
    -12.191  0.0000E+00  
    -12.176  0.0000E+00  
    -12.161  0.0000E+00  
    -12.146  0.0000E+00  
    -12.131  0.0000E+00  
    -12.116  0.0000E+00  
    -12.101  0.0000E+00  
    -12.086  0.0000E+00  
    -12.071  0.0000E+00  
    -12.056  0.0000E+00  
    -12.041  0.0000E+00  
    -12.026  0.0000E+00  
    -12.011  0.0000E+00  
    -11.996  0.0000E+00  
    -11.981  0.0000E+00  
    -11.966  0.0000E+00  
    -11.951  0.0000E+00  
    -11.936  0.0000E+00  
    -11.921  0.0000E+00  
    -11.906  0.0000E+00  
    -11.891  0.0000E+00  
    -11.876  0.0000E+00  
    -11.861  0.0000E+00  
    -11.846  0.0000E+00  
    -11.831  0.0000E+00  
    -11.816  0.0000E+00  
    -11.801  0.0000E+00  
    -11.786  0.0000E+00  
    -11.771  0.0000E+00  
    -11.756  0.0000E+00  
    -11.741  0.0000E+00  
    -11.726  0.0000E+00  
    -11.711  0.0000E+00  
    -11.696  0.0000E+00  
    -11.681  0.0000E+00  
    -11.666  0.0000E+00  
    -11.651  0.0000E+00  
    -11.636  0.0000E+00  
    -11.621  0.0000E+00  
    -11.606  0.0000E+00  
    -11.591  0.0000E+00  
    -11.576  0.0000E+00  
    -11.561  0.0000E+00  
    -11.546  0.0000E+00  
    -11.531  0.0000E+00  
    -11.516  0.0000E+00  
    -11.501  0.0000E+00  
    -11.486  0.0000E+00  
    -11.471  0.0000E+00  
    -11.456  0.0000E+00  
    -11.441  0.0000E+00  
    -11.426  0.0000E+00  
    -11.411  0.0000E+00  
    -11.396  0.0000E+00  
    -11.381  0.0000E+00  
    -11.366  0.0000E+00  
    -11.351  0.0000E+00  
    -11.336  0.0000E+00  
    -11.321  0.0000E+00  
    -11.306  0.0000E+00  
    -11.291  0.0000E+00  
    -11.276  0.0000E+00  
    -11.261  0.0000E+00  
    -11.246  0.0000E+00  
    -11.231  0.0000E+00  
    -11.216  0.0000E+00  
    -11.201  0.0000E+00  
    -11.186  0.0000E+00  
    -11.171  0.0000E+00  
    -11.156  0.0000E+00  
    -11.141  0.0000E+00  
    -11.126  0.0000E+00  
    -11.111  0.0000E+00  
    -11.096  0.0000E+00  
    -11.081  0.0000E+00  
    -11.066  0.0000E+00  
    -11.051  0.0000E+00  
    -11.036  0.0000E+00  
    -11.021  0.0000E+00  
    -11.006  0.0000E+00  
    -10.991  0.0000E+00  
    -10.976  0.0000E+00  
    -10.961  0.0000E+00  
    -10.946  0.0000E+00  
    -10.931  0.0000E+00  
    -10.916  0.0000E+00  
    -10.901  0.0000E+00  
    -10.886  0.0000E+00  
    -10.871  0.0000E+00  
    -10.856  0.0000E+00  
    -10.841  0.0000E+00  
    -10.826  0.0000E+00  
    -10.811  0.0000E+00  
    -10.796  0.0000E+00  
    -10.781  0.0000E+00  
    -10.766  0.0000E+00  
    -10.751  0.0000E+00  
    -10.736  0.0000E+00  
    -10.721  0.0000E+00  
    -10.706  0.0000E+00  
    -10.691  0.0000E+00  
    -10.676  0.0000E+00  
    -10.661  0.0000E+00  
    -10.646  0.0000E+00  
    -10.631  0.0000E+00  
    -10.616  0.0000E+00  
    -10.601  0.0000E+00  
    -10.586  0.0000E+00  
    -10.571  0.0000E+00  
    -10.556  0.0000E+00  
    -10.541  0.0000E+00  
    -10.526  0.0000E+00  
    -10.511  0.0000E+00  
    -10.496  0.0000E+00  
    -10.481  0.0000E+00  
    -10.466  0.0000E+00  
    -10.451  0.0000E+00  
    -10.436  0.0000E+00  
    -10.421  0.0000E+00  
    -10.406  0.0000E+00  
    -10.391  0.0000E+00  
    -10.376  0.0000E+00  
    -10.361  0.0000E+00  
    -10.346  0.0000E+00  
    -10.331  0.0000E+00  
    -10.316  0.0000E+00  
    -10.301  0.0000E+00  
    -10.286  0.0000E+00  
    -10.271  0.0000E+00  
    -10.256  0.0000E+00  
    -10.241  0.0000E+00  
    -10.226  0.0000E+00  
    -10.211  0.0000E+00  
    -10.196  0.0000E+00  
    -10.181  0.0000E+00  
    -10.166  0.0000E+00  
    -10.151  0.0000E+00  
    -10.136  0.0000E+00  
    -10.121  0.0000E+00  
    -10.106  0.0000E+00  
    -10.091  0.0000E+00  
    -10.076  0.0000E+00  
    -10.061  0.0000E+00  
    -10.046  0.0000E+00  
    -10.031  0.0000E+00  
    -10.016  0.0000E+00  
    -10.001  0.0000E+00  
     -9.986  0.0000E+00  
     -9.971  0.0000E+00  
     -9.956  0.0000E+00  
     -9.941  0.0000E+00  
     -9.926  0.0000E+00  
     -9.911  0.0000E+00  
     -9.896  0.0000E+00  
     -9.881  0.0000E+00  
     -9.866  0.0000E+00  
     -9.851  0.0000E+00  
     -9.836  0.0000E+00  
     -9.821  0.0000E+00  
     -9.806  0.0000E+00  
     -9.791  0.0000E+00  
     -9.776  0.0000E+00  
     -9.761  0.0000E+00  
     -9.746  0.0000E+00  
     -9.731  0.0000E+00  
     -9.716  0.0000E+00  
     -9.701  0.0000E+00  
     -9.686  0.0000E+00  
     -9.671  0.0000E+00  
     -9.656  0.0000E+00  
     -9.641  0.0000E+00  
     -9.626  0.0000E+00  
     -9.611  0.0000E+00  
     -9.596  0.0000E+00  
     -9.581  0.0000E+00  
     -9.566  0.0000E+00  
     -9.551  0.0000E+00  
     -9.536  0.0000E+00  
     -9.521  0.0000E+00  
     -9.506  0.0000E+00  
     -9.491  0.0000E+00  
     -9.476  0.0000E+00  
     -9.461  0.0000E+00  
     -9.446  0.0000E+00  
     -9.431  0.0000E+00  
     -9.416  0.0000E+00  
     -9.401  0.0000E+00  
     -9.386  0.0000E+00  
     -9.371  0.0000E+00  
     -9.356  0.0000E+00  
     -9.341  0.0000E+00  
     -9.326  0.0000E+00  
     -9.311  0.0000E+00  
     -9.296  0.0000E+00  
     -9.281  0.0000E+00  
     -9.266  0.0000E+00  
     -9.251  0.0000E+00  
     -9.236  0.0000E+00  
     -9.221  0.0000E+00  
     -9.206  0.0000E+00  
     -9.191  0.0000E+00  
     -9.176  0.0000E+00  
     -9.161  0.0000E+00  
     -9.146  0.0000E+00  
     -9.131  0.0000E+00  
     -9.116  0.0000E+00  
     -9.101  0.0000E+00  
     -9.086  0.0000E+00  
     -9.071  0.0000E+00  
     -9.056  0.0000E+00  
     -9.041  0.0000E+00  
     -9.026  0.0000E+00  
     -9.011  0.0000E+00  
     -8.996  0.0000E+00  
     -8.981  0.0000E+00  
     -8.966  0.0000E+00  
     -8.951  0.0000E+00  
     -8.936  0.0000E+00  
     -8.921  0.0000E+00  
     -8.906  0.0000E+00  
     -8.891  0.0000E+00  
     -8.876  0.0000E+00  
     -8.861  0.0000E+00  
     -8.846  0.0000E+00  
     -8.831  0.0000E+00  
     -8.816  0.0000E+00  
     -8.801  0.0000E+00  
     -8.786  0.0000E+00  
     -8.771  0.0000E+00  
     -8.756  0.0000E+00  
     -8.741  0.0000E+00  
     -8.726  0.0000E+00  
     -8.711  0.0000E+00  
     -8.696  0.0000E+00  
     -8.681  0.0000E+00  
     -8.666  0.0000E+00  
     -8.651  0.0000E+00  
     -8.636  0.0000E+00  
     -8.621  0.0000E+00  
     -8.606  0.0000E+00  
     -8.591  0.0000E+00  
     -8.576  0.0000E+00  
     -8.561  0.0000E+00  
     -8.546  0.0000E+00  
     -8.531  0.0000E+00  
     -8.516  0.0000E+00  
     -8.501  0.0000E+00  
     -8.486  0.0000E+00  
     -8.471  0.0000E+00  
     -8.456  0.0000E+00  
     -8.441  0.0000E+00  
     -8.426  0.0000E+00  
     -8.411  0.0000E+00  
     -8.396  0.0000E+00  
     -8.381  0.0000E+00  
     -8.366  0.0000E+00  
     -8.351  0.0000E+00  
     -8.336  0.0000E+00  
     -8.321  0.0000E+00  
     -8.306  0.0000E+00  
     -8.291  0.0000E+00  
     -8.276  0.0000E+00  
     -8.261  0.0000E+00  
     -8.246  0.0000E+00  
     -8.231  0.0000E+00  
     -8.216  0.0000E+00  
     -8.201  0.0000E+00  
     -8.186  0.0000E+00  
     -8.171  0.0000E+00  
     -8.156  0.0000E+00  
     -8.141  0.0000E+00  
     -8.126  0.0000E+00  
     -8.111  0.0000E+00  
     -8.096  0.0000E+00  
     -8.081  0.0000E+00  
     -8.066  0.0000E+00  
     -8.051  0.0000E+00  
     -8.036  0.0000E+00  
     -8.021  0.0000E+00  
     -8.006  0.0000E+00  
     -7.991  0.0000E+00  
     -7.976  0.0000E+00  
     -7.961  0.0000E+00  
     -7.946  0.0000E+00  
     -7.931  0.0000E+00  
     -7.916  0.0000E+00  
     -7.901  0.0000E+00  
     -7.886  0.0000E+00  
     -7.871  0.0000E+00  
     -7.856  0.0000E+00  
     -7.841  0.0000E+00  
     -7.826  0.0000E+00  
     -7.811  0.0000E+00  
     -7.796  0.0000E+00  
     -7.781  0.0000E+00  
     -7.766  0.0000E+00  
     -7.751  0.0000E+00  
     -7.736  0.0000E+00  
     -7.721  0.0000E+00  
     -7.706  0.0000E+00  
     -7.691  0.0000E+00  
     -7.676  0.0000E+00  
     -7.661  0.0000E+00  
     -7.646  0.0000E+00  
     -7.631  0.0000E+00  
     -7.616  0.0000E+00  
     -7.601  0.0000E+00  
     -7.586  0.0000E+00  
     -7.571  0.0000E+00  
     -7.556  0.0000E+00  
     -7.541  0.0000E+00  
     -7.526  0.0000E+00  
     -7.511  0.0000E+00  
     -7.495  0.0000E+00  
     -7.480  0.0000E+00  
     -7.465  0.0000E+00  
     -7.450  0.0000E+00  
     -7.435  0.0000E+00  
     -7.420  0.0000E+00  
     -7.405  0.0000E+00  
     -7.390  0.0000E+00  
     -7.375  0.0000E+00  
     -7.360  0.0000E+00  
     -7.345  0.0000E+00  
     -7.330  0.0000E+00  
     -7.315  0.0000E+00  
     -7.300  0.0000E+00  
     -7.285  0.0000E+00  
     -7.270  0.0000E+00  
     -7.255  0.0000E+00  
     -7.240  0.0000E+00  
     -7.225  0.0000E+00  
     -7.210  0.0000E+00  
     -7.195  0.0000E+00  
     -7.180  0.0000E+00  
     -7.165  0.0000E+00  
     -7.150  0.0000E+00  
     -7.135  0.0000E+00  
     -7.120  0.0000E+00  
     -7.105  0.0000E+00  
     -7.090  0.0000E+00  
     -7.075  0.0000E+00  
     -7.060  0.0000E+00  
     -7.045  0.0000E+00  
     -7.030  0.0000E+00  
     -7.015  0.0000E+00  
     -7.000  0.0000E+00  
     -6.985  0.0000E+00  
     -6.970  0.0000E+00  
     -6.955  0.0000E+00  
     -6.940  0.0000E+00  
     -6.925  0.0000E+00  
     -6.910  0.0000E+00  
     -6.895  0.0000E+00  
     -6.880  0.0000E+00  
     -6.865  0.0000E+00  
     -6.850  0.0000E+00  
     -6.835  0.0000E+00  
     -6.820  0.0000E+00  
     -6.805  0.0000E+00  
     -6.790  0.0000E+00  
     -6.775  0.0000E+00  
     -6.760  0.0000E+00  
     -6.745  0.0000E+00  
     -6.730  0.0000E+00  
     -6.715  0.0000E+00  
     -6.700  0.0000E+00  
     -6.685  0.0000E+00  
     -6.670  0.0000E+00  
     -6.655  0.0000E+00  
     -6.640  0.0000E+00  
     -6.625  0.0000E+00  
     -6.610  0.0000E+00  
     -6.595  0.0000E+00  
     -6.580  0.0000E+00  
     -6.565  0.0000E+00  
     -6.550  0.0000E+00  
     -6.535  0.0000E+00  
     -6.520  0.0000E+00  
     -6.505  0.0000E+00  
     -6.490  0.0000E+00  
     -6.475  0.0000E+00  
     -6.460  0.0000E+00  
     -6.445  0.0000E+00  
     -6.430  0.0000E+00  
     -6.415  0.0000E+00  
     -6.400  0.0000E+00  
     -6.385  0.0000E+00  
     -6.370  0.0000E+00  
     -6.355  0.0000E+00  
     -6.340  0.0000E+00  
     -6.325  0.0000E+00  
     -6.310  0.0000E+00  
     -6.295  0.0000E+00  
     -6.280  0.0000E+00  
     -6.265  0.0000E+00  
     -6.250  0.0000E+00  
     -6.235  0.0000E+00  
     -6.220  0.0000E+00  
     -6.205  0.0000E+00  
     -6.190  0.0000E+00  
     -6.175  0.0000E+00  
     -6.160  0.0000E+00  
     -6.145  0.0000E+00  
     -6.130  0.0000E+00  
     -6.115  0.0000E+00  
     -6.100  0.0000E+00  
     -6.085  0.0000E+00  
     -6.070  0.0000E+00  
     -6.055  0.0000E+00  
     -6.040  0.0000E+00  
     -6.025  0.0000E+00  
     -6.010  0.0000E+00  
     -5.995  0.0000E+00  
     -5.980  0.0000E+00  
     -5.965  0.0000E+00  
     -5.950  0.0000E+00  
     -5.935  0.0000E+00  
     -5.920  0.0000E+00  
     -5.905  0.0000E+00  
     -5.890  0.0000E+00  
     -5.875  0.0000E+00  
     -5.860  0.0000E+00  
     -5.845  0.0000E+00  
     -5.830  0.0000E+00  
     -5.815  0.0000E+00  
     -5.800  0.0000E+00  
     -5.785  0.0000E+00  
     -5.770  0.0000E+00  
     -5.755  0.0000E+00  
     -5.740  0.0000E+00  
     -5.725  0.0000E+00  
     -5.710  0.0000E+00  
     -5.695  0.0000E+00  
     -5.680  0.0000E+00  
     -5.665  0.0000E+00  
     -5.650  0.0000E+00  
     -5.635  0.0000E+00  
     -5.620  0.0000E+00  
     -5.605  0.0000E+00  
     -5.590  0.0000E+00  
     -5.575  0.0000E+00  
     -5.560  0.0000E+00  
     -5.545  0.0000E+00  
     -5.530  0.0000E+00  
     -5.515  0.0000E+00  
     -5.500  0.0000E+00  
     -5.485  0.0000E+00  
     -5.470  0.0000E+00  
     -5.455  0.0000E+00  
     -5.440  0.0000E+00  
     -5.425  0.0000E+00  
     -5.410  0.0000E+00  
     -5.395  0.0000E+00  
     -5.380  0.0000E+00  
     -5.365  0.0000E+00  
     -5.350  0.0000E+00  
     -5.335  0.0000E+00  
     -5.320  0.0000E+00  
     -5.305  0.0000E+00  
     -5.290  0.0000E+00  
     -5.275  0.0000E+00  
     -5.260  0.0000E+00  
     -5.245  0.0000E+00  
     -5.230  0.0000E+00  
     -5.215  0.0000E+00  
     -5.200  0.0000E+00  
     -5.185  0.0000E+00  
     -5.170  0.0000E+00  
     -5.155  0.0000E+00  
     -5.140  0.0000E+00  
     -5.125  0.0000E+00  
     -5.110  0.0000E+00  
     -5.095  0.0000E+00  
     -5.080  0.0000E+00  
     -5.065  0.0000E+00  
     -5.050  0.0000E+00  
     -5.035  0.0000E+00  
     -5.020  0.0000E+00  
     -5.005  0.0000E+00  
     -4.990  0.0000E+00  
     -4.975  0.0000E+00  
     -4.960  0.0000E+00  
     -4.945  0.0000E+00  
     -4.930  0.0000E+00  
     -4.915  0.0000E+00  
     -4.900  0.0000E+00  
     -4.885  0.0000E+00  
     -4.870  0.0000E+00  
     -4.855  0.0000E+00  
     -4.840  0.0000E+00  
     -4.825  0.0000E+00  
     -4.810  0.0000E+00  
     -4.795  0.0000E+00  
     -4.780  0.0000E+00  
     -4.765  0.0000E+00  
     -4.750  0.0000E+00  
     -4.735  0.0000E+00  
     -4.720  0.0000E+00  
     -4.705  0.0000E+00  
     -4.690  0.0000E+00  
     -4.675  0.0000E+00  
     -4.660  0.0000E+00  
     -4.645  0.0000E+00  
     -4.630  0.0000E+00  
     -4.615  0.9628E-01  
     -4.600  0.2871E+00  
     -4.585  0.4159E+00  
     -4.570  0.5212E+00  
     -4.555  0.5806E+00  
     -4.540  0.6535E+00  
     -4.525  0.7335E+00  
     -4.510  0.7872E+00  
     -4.495  0.8445E+00  
     -4.480  0.9035E+00  
     -4.465  0.9670E+00  
     -4.450  0.1021E+01  
     -4.435  0.1069E+01  
     -4.420  0.1284E+01  
     -4.405  0.1410E+01  
     -4.390  0.1537E+01  
     -4.375  0.1647E+01  
     -4.360  0.1738E+01  
     -4.345  0.1834E+01  
     -4.330  0.1952E+01  
     -4.315  0.2047E+01  
     -4.300  0.2151E+01  
     -4.285  0.2252E+01  
     -4.270  0.2363E+01  
     -4.255  0.2479E+01  
     -4.240  0.2588E+01  
     -4.225  0.2707E+01  
     -4.210  0.2859E+01  
     -4.195  0.3015E+01  
     -4.180  0.3188E+01  
     -4.165  0.3378E+01  
     -4.150  0.3625E+01  
     -4.135  0.3971E+01  
     -4.120  0.4340E+01  
     -4.105  0.4337E+01  
     -4.090  0.4295E+01  
     -4.075  0.4307E+01  
     -4.060  0.4279E+01  
     -4.045  0.4245E+01  
     -4.030  0.4204E+01  
     -4.015  0.4250E+01  
     -4.000  0.4284E+01  
     -3.985  0.4404E+01  
     -3.970  0.4345E+01  
     -3.955  0.4227E+01  
     -3.940  0.4127E+01  
     -3.925  0.4060E+01  
     -3.910  0.3962E+01  
     -3.895  0.3875E+01  
     -3.880  0.3805E+01  
     -3.865  0.3739E+01  
     -3.850  0.3653E+01  
     -3.835  0.3563E+01  
     -3.820  0.3460E+01  
     -3.805  0.3349E+01  
     -3.790  0.3232E+01  
     -3.775  0.3076E+01  
     -3.760  0.2983E+01  
     -3.745  0.2942E+01  
     -3.730  0.3005E+01  
     -3.715  0.3171E+01  
     -3.700  0.3361E+01  
     -3.685  0.3617E+01  
     -3.670  0.3538E+01  
     -3.655  0.3521E+01  
     -3.640  0.3617E+01  
     -3.625  0.3559E+01  
     -3.610  0.3184E+01  
     -3.595  0.3186E+01  
     -3.580  0.3115E+01  
     -3.565  0.3356E+01  
     -3.550  0.3715E+01  
     -3.535  0.4251E+01  
     -3.520  0.4001E+01  
     -3.505  0.3789E+01  
     -3.490  0.3680E+01  
     -3.475  0.3528E+01  
     -3.460  0.3491E+01  
     -3.445  0.3316E+01  
     -3.430  0.3253E+01  
     -3.415  0.3243E+01  
     -3.400  0.3239E+01  
     -3.385  0.3361E+01  
     -3.370  0.3164E+01  
     -3.355  0.2901E+01  
     -3.340  0.2893E+01  
     -3.325  0.3124E+01  
     -3.310  0.3059E+01  
     -3.295  0.3109E+01  
     -3.280  0.3016E+01  
     -3.265  0.2962E+01  
     -3.250  0.3036E+01  
     -3.235  0.3145E+01  
     -3.220  0.3503E+01  
     -3.205  0.3659E+01  
     -3.190  0.3770E+01  
     -3.175  0.4086E+01  
     -3.160  0.3429E+01  
     -3.145  0.3565E+01  
     -3.130  0.3654E+01  
     -3.115  0.3841E+01  
     -3.100  0.4020E+01  
     -3.085  0.4298E+01  
     -3.070  0.4709E+01  
     -3.055  0.5552E+01  
     -3.040  0.5439E+01  
     -3.025  0.4786E+01  
     -3.010  0.4545E+01  
     -2.995  0.4370E+01  
     -2.980  0.4191E+01  
     -2.965  0.4049E+01  
     -2.950  0.3893E+01  
     -2.935  0.3779E+01  
     -2.920  0.3688E+01  
     -2.905  0.3630E+01  
     -2.890  0.3448E+01  
     -2.875  0.3321E+01  
     -2.860  0.3138E+01  
     -2.845  0.2857E+01  
     -2.830  0.2656E+01  
     -2.815  0.2446E+01  
     -2.800  0.2199E+01  
     -2.785  0.2196E+01  
     -2.770  0.2208E+01  
     -2.755  0.2363E+01  
     -2.740  0.2727E+01  
     -2.725  0.3090E+01  
     -2.710  0.3470E+01  
     -2.695  0.3775E+01  
     -2.680  0.4013E+01  
     -2.665  0.4287E+01  
     -2.650  0.4507E+01  
     -2.635  0.4408E+01  
     -2.620  0.4132E+01  
     -2.605  0.3971E+01  
     -2.590  0.4086E+01  
     -2.575  0.4390E+01  
     -2.560  0.4328E+01  
     -2.545  0.4229E+01  
     -2.530  0.4132E+01  
     -2.515  0.4029E+01  
     -2.499  0.3827E+01  
     -2.484  0.3740E+01  
     -2.469  0.4272E+01  
     -2.454  0.4125E+01  
     -2.439  0.4195E+01  
     -2.424  0.4281E+01  
     -2.409  0.4510E+01  
     -2.394  0.4260E+01  
     -2.379  0.4100E+01  
     -2.364  0.3869E+01  
     -2.349  0.3717E+01  
     -2.334  0.3635E+01  
     -2.319  0.3566E+01  
     -2.304  0.3494E+01  
     -2.289  0.3400E+01  
     -2.274  0.3330E+01  
     -2.259  0.3298E+01  
     -2.244  0.3285E+01  
     -2.229  0.3257E+01  
     -2.214  0.3222E+01  
     -2.199  0.3192E+01  
     -2.184  0.3164E+01  
     -2.169  0.3136E+01  
     -2.154  0.3116E+01  
     -2.139  0.3104E+01  
     -2.124  0.3097E+01  
     -2.109  0.3092E+01  
     -2.094  0.3095E+01  
     -2.079  0.3099E+01  
     -2.064  0.3097E+01  
     -2.049  0.3107E+01  
     -2.034  0.3117E+01  
     -2.019  0.3128E+01  
     -2.004  0.3135E+01  
     -1.989  0.3160E+01  
     -1.974  0.3191E+01  
     -1.959  0.3230E+01  
     -1.944  0.3282E+01  
     -1.929  0.3335E+01  
     -1.914  0.3404E+01  
     -1.899  0.3484E+01  
     -1.884  0.3570E+01  
     -1.869  0.3677E+01  
     -1.854  0.3824E+01  
     -1.839  0.3999E+01  
     -1.824  0.4198E+01  
     -1.809  0.4529E+01  
     -1.794  0.5111E+01  
     -1.779  0.5616E+01  
     -1.764  0.5758E+01  
     -1.749  0.5846E+01  
     -1.734  0.5114E+01  
     -1.719  0.4333E+01  
     -1.704  0.3798E+01  
     -1.689  0.3347E+01  
     -1.674  0.3010E+01  
     -1.659  0.2654E+01  
     -1.644  0.2368E+01  
     -1.629  0.2144E+01  
     -1.614  0.2084E+01  
     -1.599  0.2011E+01  
     -1.584  0.1762E+01  
     -1.569  0.1751E+01  
     -1.554  0.1723E+01  
     -1.539  0.7495E+00  
     -1.524  0.1335E+00  
     -1.509  0.1335E+00  
     -1.494  0.1337E+00  
     -1.479  0.1339E+00  
     -1.464  0.1341E+00  
     -1.449  0.1344E+00  
     -1.434  0.1348E+00  
     -1.419  0.1351E+00  
     -1.404  0.1355E+00  
     -1.389  0.1359E+00  
     -1.374  0.1361E+00  
     -1.359  0.1364E+00  
     -1.344  0.1367E+00  
     -1.329  0.1370E+00  
     -1.314  0.1373E+00  
     -1.299  0.1376E+00  
     -1.284  0.1380E+00  
     -1.269  0.1383E+00  
     -1.254  0.1386E+00  
     -1.239  0.1387E+00  
     -1.224  0.1388E+00  
     -1.209  0.1390E+00  
     -1.194  0.1392E+00  
     -1.179  0.1395E+00  
     -1.164  0.1398E+00  
     -1.149  0.1401E+00  
     -1.134  0.1404E+00  
     -1.119  0.1407E+00  
     -1.104  0.1411E+00  
     -1.089  0.1414E+00  
     -1.074  0.1418E+00  
     -1.059  0.1422E+00  
     -1.044  0.1426E+00  
     -1.029  0.1429E+00  
     -1.014  0.1433E+00  
     -0.999  0.1437E+00  
     -0.984  0.1441E+00  
     -0.969  0.1445E+00  
     -0.954  0.1449E+00  
     -0.939  0.1453E+00  
     -0.924  0.1456E+00  
     -0.909  0.1459E+00  
     -0.894  0.1461E+00  
     -0.879  0.1463E+00  
     -0.864  0.1466E+00  
     -0.849  0.1469E+00  
     -0.834  0.1472E+00  
     -0.819  0.1475E+00  
     -0.804  0.1479E+00  
     -0.789  0.1482E+00  
     -0.774  0.1486E+00  
     -0.759  0.1489E+00  
     -0.744  0.1493E+00  
     -0.729  0.1496E+00  
     -0.714  0.1500E+00  
     -0.699  0.1504E+00  
     -0.684  0.1507E+00  
     -0.669  0.1511E+00  
     -0.654  0.1514E+00  
     -0.639  0.1518E+00  
     -0.624  0.1522E+00  
     -0.609  0.1526E+00  
     -0.594  0.1530E+00  
     -0.579  0.1533E+00  
     -0.564  0.1537E+00  
     -0.549  0.1540E+00  
     -0.534  0.1543E+00  
     -0.519  0.1546E+00  
     -0.504  0.1550E+00  
     -0.489  0.1553E+00  
     -0.474  0.1557E+00  
     -0.459  0.1561E+00  
     -0.444  0.1565E+00  
     -0.429  0.1569E+00  
     -0.414  0.1572E+00  
     -0.399  0.1576E+00  
     -0.384  0.1580E+00  
     -0.369  0.1583E+00  
     -0.354  0.1587E+00  
     -0.339  0.1591E+00  
     -0.324  0.1594E+00  
     -0.309  0.1598E+00  
     -0.294  0.1601E+00  
     -0.279  0.1605E+00  
     -0.264  0.1609E+00  
     -0.249  0.1612E+00  
     -0.234  0.1616E+00  
     -0.219  0.1619E+00  
     -0.204  0.1623E+00  
     -0.189  0.1627E+00  
     -0.174  0.1630E+00  
     -0.159  0.1633E+00  
     -0.144  0.1636E+00  
     -0.129  0.1640E+00  
     -0.114  0.1644E+00  
     -0.099  0.1647E+00  
     -0.084  0.1651E+00  
     -0.069  0.1655E+00  
     -0.054  0.1658E+00  
     -0.039  0.1662E+00  
     -0.024  0.1666E+00  
     -0.009  0.1670E+00  
      0.006  0.1674E+00  
      0.021  0.1677E+00  
      0.036  0.1681E+00  
      0.051  0.1685E+00  
      0.066  0.1689E+00  
      0.081  0.1693E+00  
      0.096  0.1697E+00  
      0.111  0.1701E+00  
      0.126  0.1705E+00  
      0.141  0.1709E+00  
      0.156  0.1713E+00  
      0.171  0.1716E+00  
      0.186  0.1720E+00  
      0.201  0.1723E+00  
      0.216  0.1727E+00  
      0.231  0.1730E+00  
      0.246  0.1734E+00  
      0.261  0.1737E+00  
      0.276  0.1741E+00  
      0.291  0.1744E+00  
      0.306  0.1748E+00  
      0.321  0.1751E+00  
      0.336  0.1755E+00  
      0.351  0.1759E+00  
      0.366  0.1762E+00  
      0.381  0.1766E+00  
      0.396  0.1770E+00  
      0.411  0.1774E+00  
      0.426  0.1777E+00  
      0.441  0.1781E+00  
      0.456  0.1785E+00  
      0.471  0.1789E+00  
      0.486  0.1793E+00  
      0.501  0.1796E+00  
      0.516  0.1800E+00  
      0.531  0.1804E+00  
      0.546  0.1808E+00  
      0.561  0.1812E+00  
      0.576  0.1816E+00  
      0.591  0.1820E+00  
      0.606  0.1823E+00  
      0.621  0.1827E+00  
      0.636  0.1831E+00  
      0.651  0.1835E+00  
      0.666  0.1839E+00  
      0.681  0.1842E+00  
      0.696  0.1846E+00  
      0.711  0.1850E+00  
      0.726  0.1854E+00  
      0.741  0.1858E+00  
      0.756  0.1862E+00  
      0.771  0.1866E+00  
      0.786  0.1869E+00  
      0.801  0.1873E+00  
      0.816  0.1877E+00  
      0.831  0.1881E+00  
      0.846  0.1884E+00  
      0.861  0.1888E+00  
      0.876  0.1892E+00  
      0.891  0.1896E+00  
      0.906  0.1900E+00  
      0.921  0.1904E+00  
      0.936  0.1907E+00  
      0.951  0.1911E+00  
      0.966  0.1915E+00  
      0.981  0.1919E+00  
      0.996  0.1923E+00  
      1.011  0.1927E+00  
      1.026  0.1930E+00  
      1.041  0.1934E+00  
      1.056  0.1938E+00  
      1.071  0.1942E+00  
      1.086  0.1946E+00  
      1.101  0.1950E+00  
      1.116  0.1954E+00  
      1.131  0.1958E+00  
      1.146  0.1961E+00  
      1.161  0.1965E+00  
      1.176  0.1969E+00  
      1.191  0.1973E+00  
      1.206  0.1977E+00  
      1.221  0.1981E+00  
      1.236  0.1986E+00  
      1.251  0.1990E+00  
      1.266  0.1994E+00  
      1.281  0.1998E+00  
      1.296  0.2002E+00  
      1.311  0.2006E+00  
      1.326  0.2010E+00  
      1.341  0.2014E+00  
      1.356  0.2019E+00  
      1.371  0.2023E+00  
      1.386  0.2027E+00  
      1.401  0.2031E+00  
      1.416  0.2035E+00  
      1.431  0.2039E+00  
      1.446  0.2043E+00  
      1.461  0.2047E+00  
      1.476  0.2051E+00  
      1.491  0.2055E+00  
      1.506  0.2059E+00  
      1.521  0.2063E+00  
      1.536  0.2067E+00  
      1.551  0.2071E+00  
      1.566  0.2075E+00  
      1.581  0.2079E+00  
      1.596  0.2083E+00  
      1.611  0.2088E+00  
      1.626  0.2092E+00  
      1.641  0.2096E+00  
      1.656  0.2100E+00  
      1.671  0.2104E+00  
      1.686  0.2109E+00  
      1.701  0.2113E+00  
      1.716  0.2117E+00  
      1.731  0.2122E+00  
      1.746  0.2126E+00  
      1.761  0.2130E+00  
      1.776  0.2135E+00  
      1.791  0.2139E+00  
      1.806  0.2144E+00  
      1.821  0.2148E+00  
      1.836  0.2152E+00  
      1.851  0.2157E+00  
      1.866  0.2161E+00  
      1.881  0.2166E+00  
      1.896  0.2171E+00  
      1.911  0.2175E+00  
      1.926  0.2180E+00  
      1.941  0.2184E+00  
      1.956  0.2189E+00  
      1.971  0.2194E+00  
      1.986  0.2198E+00  
      2.001  0.2203E+00  
      2.016  0.2208E+00  
      2.031  0.2213E+00  
      2.046  0.2217E+00  
      2.061  0.2222E+00  
      2.076  0.2227E+00  
      2.091  0.2232E+00  
      2.106  0.2236E+00  
      2.121  0.2241E+00  
      2.136  0.2246E+00  
      2.151  0.2251E+00  
      2.166  0.2256E+00  
      2.181  0.2261E+00  
      2.196  0.2266E+00  
      2.211  0.2272E+00  
      2.226  0.2277E+00  
      2.241  0.2282E+00  
      2.256  0.2287E+00  
      2.271  0.2293E+00  
      2.286  0.2298E+00  
      2.301  0.2303E+00  
      2.316  0.2309E+00  
      2.331  0.2315E+00  
      2.346  0.2320E+00  
      2.361  0.2326E+00  
      2.376  0.2332E+00  
      2.391  0.2337E+00  
      2.406  0.2343E+00  
      2.421  0.2349E+00  
      2.436  0.2355E+00  
      2.451  0.2361E+00  
      2.466  0.2367E+00  
      2.481  0.2374E+00  
      2.496  0.2380E+00  
      2.512  0.2387E+00  
      2.527  0.2394E+00  
      2.542  0.2401E+00  
      2.557  0.2408E+00  
      2.572  0.2415E+00  
      2.587  0.2422E+00  
      2.602  0.2430E+00  
      2.617  0.2437E+00  
      2.632  0.2445E+00  
      2.647  0.2454E+00  
      2.662  0.2462E+00  
      2.677  0.2471E+00  
      2.692  0.2480E+00  
      2.707  0.2490E+00  
      2.722  0.2500E+00  
      2.737  0.2510E+00  
      2.752  0.2521E+00  
      2.767  0.2533E+00  
      2.782  0.2547E+00  
      2.797  0.2561E+00  
      2.812  0.2575E+00  
      2.827  0.2590E+00  
      2.842  0.2605E+00  
      2.857  0.2632E+00  
      2.887  0.2695E+00  
      2.902  0.2722E+00  
